2022/09/02-14:37:37.070341 4b78 RocksDB version: 5.18.4
2022/09/02-14:37:37.070472 4b78 Git sha rocksdb_build_git_sha:@b9a4a10659969c71e6f6eab4e4bae8c36ede919f@
2022/09/02-14:37:37.070492 4b78 Compile date Mar 11 2020
2022/09/02-14:37:37.070519 4b78 DB SUMMARY
2022/09/02-14:37:37.070699 4b78 CURRENT file:  CURRENT
2022/09/02-14:37:37.070722 4b78 IDENTITY file:  IDENTITY
2022/09/02-14:37:37.070752 4b78 MANIFEST file:  MANIFEST-000121 size: 895 Bytes
2022/09/02-14:37:37.070767 4b78 SST files in E:\workspace\JavaProject\PersonnelManageMent\nacos-server-2.1.0\nacos\data\protocol\raft\naming_persistent_service_v2\log dir, Total Num: 16, files: 000093.sst 000094.sst 000096.sst 000098.sst 000100.sst 000102.sst 000104.sst 000106.sst 000108.sst 
2022/09/02-14:37:37.070929 4b78 Write Ahead Log file in E:\workspace\JavaProject\PersonnelManageMent\nacos-server-2.1.0\nacos\data\protocol\raft\naming_persistent_service_v2\log: 000123.log size: 437 ; 
2022/09/02-14:37:37.070942 4b78                         Options.error_if_exists: 0
2022/09/02-14:37:37.070959 4b78                       Options.create_if_missing: 1
2022/09/02-14:37:37.070967 4b78                         Options.paranoid_checks: 1
2022/09/02-14:37:37.070971 4b78                                     Options.env: 000002063B0B3EE0
2022/09/02-14:37:37.070975 4b78                                Options.info_log: 0000020638089DB0
2022/09/02-14:37:37.070979 4b78                Options.max_file_opening_threads: 16
2022/09/02-14:37:37.070983 4b78                              Options.statistics: 000002063B5BF640
2022/09/02-14:37:37.070987 4b78                               Options.use_fsync: 0
2022/09/02-14:37:37.070991 4b78                       Options.max_log_file_size: 0
2022/09/02-14:37:37.070995 4b78                  Options.max_manifest_file_size: 1073741824
2022/09/02-14:37:37.070999 4b78                   Options.log_file_time_to_roll: 0
2022/09/02-14:37:37.071004 4b78                       Options.keep_log_file_num: 1000
2022/09/02-14:37:37.071008 4b78                    Options.recycle_log_file_num: 0
2022/09/02-14:37:37.071012 4b78                         Options.allow_fallocate: 1
2022/09/02-14:37:37.071015 4b78                        Options.allow_mmap_reads: 0
2022/09/02-14:37:37.071019 4b78                       Options.allow_mmap_writes: 0
2022/09/02-14:37:37.071023 4b78                        Options.use_direct_reads: 0
2022/09/02-14:37:37.071028 4b78                        Options.use_direct_io_for_flush_and_compaction: 0
2022/09/02-14:37:37.071032 4b78          Options.create_missing_column_families: 1
2022/09/02-14:37:37.071036 4b78                              Options.db_log_dir: 
2022/09/02-14:37:37.071041 4b78                                 Options.wal_dir: E:\workspace\JavaProject\PersonnelManageMent\nacos-server-2.1.0\nacos\data\protocol\raft\naming_persistent_service_v2\log
2022/09/02-14:37:37.071046 4b78                Options.table_cache_numshardbits: 6
2022/09/02-14:37:37.071049 4b78                      Options.max_subcompactions: 1
2022/09/02-14:37:37.071054 4b78                  Options.max_background_flushes: 1
2022/09/02-14:37:37.071058 4b78                         Options.WAL_ttl_seconds: 0
2022/09/02-14:37:37.071062 4b78                       Options.WAL_size_limit_MB: 0
2022/09/02-14:37:37.071066 4b78             Options.manifest_preallocation_size: 4194304
2022/09/02-14:37:37.071070 4b78                     Options.is_fd_close_on_exec: 1
2022/09/02-14:37:37.071074 4b78                   Options.advise_random_on_open: 1
2022/09/02-14:37:37.071078 4b78                    Options.db_write_buffer_size: 0
2022/09/02-14:37:37.071082 4b78                    Options.write_buffer_manager: 000002063BA51BF0
2022/09/02-14:37:37.071086 4b78         Options.access_hint_on_compaction_start: 1
2022/09/02-14:37:37.071090 4b78  Options.new_table_reader_for_compaction_inputs: 0
2022/09/02-14:37:37.071094 4b78           Options.random_access_max_buffer_size: 1048576
2022/09/02-14:37:37.071098 4b78                      Options.use_adaptive_mutex: 0
2022/09/02-14:37:37.071103 4b78                            Options.rate_limiter: 0000000000000000
2022/09/02-14:37:37.071149 4b78     Options.sst_file_manager.rate_bytes_per_sec: 0
2022/09/02-14:37:37.071157 4b78                       Options.wal_recovery_mode: 2
2022/09/02-14:37:37.071161 4b78                  Options.enable_thread_tracking: 0
2022/09/02-14:37:37.071165 4b78                  Options.enable_pipelined_write: 0
2022/09/02-14:37:37.071169 4b78         Options.allow_concurrent_memtable_write: 1
2022/09/02-14:37:37.071173 4b78      Options.enable_write_thread_adaptive_yield: 1
2022/09/02-14:37:37.071177 4b78             Options.write_thread_max_yield_usec: 100
2022/09/02-14:37:37.071181 4b78            Options.write_thread_slow_yield_usec: 3
2022/09/02-14:37:37.071185 4b78                               Options.row_cache: None
2022/09/02-14:37:37.071189 4b78                              Options.wal_filter: None
2022/09/02-14:37:37.071193 4b78             Options.avoid_flush_during_recovery: 0
2022/09/02-14:37:37.071197 4b78             Options.allow_ingest_behind: 0
2022/09/02-14:37:37.071201 4b78             Options.preserve_deletes: 0
2022/09/02-14:37:37.071205 4b78             Options.two_write_queues: 0
2022/09/02-14:37:37.071209 4b78             Options.manual_wal_flush: 0
2022/09/02-14:37:37.071213 4b78             Options.max_background_jobs: 2
2022/09/02-14:37:37.071217 4b78             Options.max_background_compactions: 4
2022/09/02-14:37:37.071221 4b78             Options.avoid_flush_during_shutdown: 0
2022/09/02-14:37:37.071294 4b78           Options.writable_file_max_buffer_size: 1048576
2022/09/02-14:37:37.071303 4b78             Options.delayed_write_rate : 16777216
2022/09/02-14:37:37.071307 4b78             Options.max_total_wal_size: 0
2022/09/02-14:37:37.071311 4b78             Options.delete_obsolete_files_period_micros: 21600000000
2022/09/02-14:37:37.071315 4b78                   Options.stats_dump_period_sec: 600
2022/09/02-14:37:37.071319 4b78                          Options.max_open_files: -1
2022/09/02-14:37:37.071323 4b78                          Options.bytes_per_sync: 0
2022/09/02-14:37:37.071327 4b78                      Options.wal_bytes_per_sync: 0
2022/09/02-14:37:37.071331 4b78       Options.compaction_readahead_size: 0
2022/09/02-14:37:37.071335 4b78 Compression algorithms supported:
2022/09/02-14:37:37.071339 4b78 	kZSTD supported: 1
2022/09/02-14:37:37.071343 4b78 	kSnappyCompression supported: 1
2022/09/02-14:37:37.071348 4b78 	kBZip2Compression supported: 0
2022/09/02-14:37:37.071352 4b78 	kZlibCompression supported: 1
2022/09/02-14:37:37.071356 4b78 	kLZ4Compression supported: 1
2022/09/02-14:37:37.071360 4b78 	kXpressCompression supported: 0
2022/09/02-14:37:37.071366 4b78 	kLZ4HCCompression supported: 1
2022/09/02-14:37:37.071370 4b78 	kZSTDNotFinalCompression supported: 1
2022/09/02-14:37:37.071389 4b78 Fast CRC32 supported: Supported on x86
2022/09/02-14:37:37.072014 4b78 [db\version_set.cc:3508] Recovering from manifest file: MANIFEST-000121
2022/09/02-14:37:37.072132 4b78 [db\column_family.cc:474] --------------- Options for column family [default]:
2022/09/02-14:37:37.072146 4b78               Options.comparator: leveldb.BytewiseComparator
2022/09/02-14:37:37.072150 4b78           Options.merge_operator: StringAppendOperator
2022/09/02-14:37:37.072153 4b78        Options.compaction_filter: None
2022/09/02-14:37:37.072156 4b78        Options.compaction_filter_factory: None
2022/09/02-14:37:37.072159 4b78         Options.memtable_factory: SkipListFactory
2022/09/02-14:37:37.072162 4b78            Options.table_factory: BlockBasedTable
2022/09/02-14:37:37.072189 4b78            table_factory options:   flush_block_policy_factory: FlushBlockBySizePolicyFactory (0000020633E72830)
  cache_index_and_filter_blocks: 0
  cache_index_and_filter_blocks_with_high_priority: 1
  pin_l0_filter_and_index_blocks_in_cache: 1
  pin_top_level_index_and_filter: 1
  index_type: 2
  hash_index_allow_collision: 1
  checksum: 1
  no_block_cache: 0
  block_cache: 00000206343A56F0
  block_cache_name: LRUCache
  block_cache_options:
    capacity : 536870912
    num_shard_bits : 8
    strict_capacity_limit : 0
    memory_allocator : None
    high_pri_pool_ratio: 0.000
  block_cache_compressed: 0000000000000000
  persistent_cache: 0000000000000000
  block_size: 4096
  block_size_deviation: 10
  block_restart_interval: 16
  index_block_restart_interval: 1
  metadata_block_size: 8192
  partition_filters: 1
  use_delta_encoding: 1
  filter_policy: nullptr
  whole_key_filtering: 1
  verify_compression: 0
  read_amp_bytes_per_bit: 0
  format_version: 0
  enable_index_compression: 1
  block_align: 0
2022/09/02-14:37:37.072225 4b78        Options.write_buffer_size: 67108864
2022/09/02-14:37:37.072230 4b78  Options.max_write_buffer_number: 3
2022/09/02-14:37:37.072233 4b78          Options.compression: Snappy
2022/09/02-14:37:37.072236 4b78                  Options.bottommost_compression: Disabled
2022/09/02-14:37:37.072239 4b78       Options.prefix_extractor: rocksdb.FixedPrefix.8
2022/09/02-14:37:37.072242 4b78   Options.memtable_insert_with_hint_prefix_extractor: nullptr
2022/09/02-14:37:37.072245 4b78             Options.num_levels: 7
2022/09/02-14:37:37.072248 4b78        Options.min_write_buffer_number_to_merge: 1
2022/09/02-14:37:37.072250 4b78     Options.max_write_buffer_number_to_maintain: 0
2022/09/02-14:37:37.072253 4b78            Options.bottommost_compression_opts.window_bits: -14
2022/09/02-14:37:37.072256 4b78                  Options.bottommost_compression_opts.level: 32767
2022/09/02-14:37:37.072259 4b78               Options.bottommost_compression_opts.strategy: 0
2022/09/02-14:37:37.072262 4b78         Options.bottommost_compression_opts.max_dict_bytes: 0
2022/09/02-14:37:37.072265 4b78         Options.bottommost_compression_opts.zstd_max_train_bytes: 0
2022/09/02-14:37:37.072268 4b78                  Options.bottommost_compression_opts.enabled: false
2022/09/02-14:37:37.072271 4b78            Options.compression_opts.window_bits: -14
2022/09/02-14:37:37.072274 4b78                  Options.compression_opts.level: 32767
2022/09/02-14:37:37.072277 4b78               Options.compression_opts.strategy: 0
2022/09/02-14:37:37.072279 4b78         Options.compression_opts.max_dict_bytes: 0
2022/09/02-14:37:37.072282 4b78         Options.compression_opts.zstd_max_train_bytes: 0
2022/09/02-14:37:37.072285 4b78                  Options.compression_opts.enabled: false
2022/09/02-14:37:37.072288 4b78      Options.level0_file_num_compaction_trigger: 10
2022/09/02-14:37:37.072291 4b78          Options.level0_slowdown_writes_trigger: 20
2022/09/02-14:37:37.072294 4b78              Options.level0_stop_writes_trigger: 40
2022/09/02-14:37:37.072296 4b78                   Options.target_file_size_base: 67108864
2022/09/02-14:37:37.072299 4b78             Options.target_file_size_multiplier: 1
2022/09/02-14:37:37.072302 4b78                Options.max_bytes_for_level_base: 536870912
2022/09/02-14:37:37.072305 4b78 Options.level_compaction_dynamic_level_bytes: 0
2022/09/02-14:37:37.072308 4b78          Options.max_bytes_for_level_multiplier: 10.000000
2022/09/02-14:37:37.072317 4b78 Options.max_bytes_for_level_multiplier_addtl[0]: 1
2022/09/02-14:37:37.072320 4b78 Options.max_bytes_for_level_multiplier_addtl[1]: 1
2022/09/02-14:37:37.072323 4b78 Options.max_bytes_for_level_multiplier_addtl[2]: 1
2022/09/02-14:37:37.072326 4b78 Options.max_bytes_for_level_multiplier_addtl[3]: 1
2022/09/02-14:37:37.072329 4b78 Options.max_bytes_for_level_multiplier_addtl[4]: 1
2022/09/02-14:37:37.072331 4b78 Options.max_bytes_for_level_multiplier_addtl[5]: 1
2022/09/02-14:37:37.072334 4b78 Options.max_bytes_for_level_multiplier_addtl[6]: 1
2022/09/02-14:37:37.072337 4b78       Options.max_sequential_skip_in_iterations: 8
2022/09/02-14:37:37.072340 4b78                    Options.max_compaction_bytes: 1677721600
2022/09/02-14:37:37.072343 4b78                        Options.arena_block_size: 8388608
2022/09/02-14:37:37.072346 4b78   Options.soft_pending_compaction_bytes_limit: 68719476736
2022/09/02-14:37:37.072349 4b78   Options.hard_pending_compaction_bytes_limit: 274877906944
2022/09/02-14:37:37.072353 4b78       Options.rate_limit_delay_max_milliseconds: 100
2022/09/02-14:37:37.072357 4b78                Options.disable_auto_compactions: 0
2022/09/02-14:37:37.072360 4b78                        Options.compaction_style: kCompactionStyleLevel
2022/09/02-14:37:37.072364 4b78                          Options.compaction_pri: kByCompensatedSize
2022/09/02-14:37:37.072367 4b78 Options.compaction_options_universal.size_ratio: 1
2022/09/02-14:37:37.072370 4b78 Options.compaction_options_universal.min_merge_width: 2
2022/09/02-14:37:37.072372 4b78 Options.compaction_options_universal.max_merge_width: 4294967295
2022/09/02-14:37:37.072375 4b78 Options.compaction_options_universal.max_size_amplification_percent: 200
2022/09/02-14:37:37.072380 4b78 Options.compaction_options_universal.compression_size_percent: -1
2022/09/02-14:37:37.072384 4b78 Options.compaction_options_universal.stop_style: kCompactionStopStyleTotalSize
2022/09/02-14:37:37.072388 4b78 Options.compaction_options_fifo.max_table_files_size: 1073741824
2022/09/02-14:37:37.072392 4b78 Options.compaction_options_fifo.allow_compaction: 0
2022/09/02-14:37:37.072396 4b78 Options.compaction_options_fifo.ttl: 0
2022/09/02-14:37:37.072400 4b78                   Options.table_properties_collectors: 
2022/09/02-14:37:37.072405 4b78                   Options.inplace_update_support: 0
2022/09/02-14:37:37.072409 4b78                 Options.inplace_update_num_locks: 10000
2022/09/02-14:37:37.072414 4b78               Options.memtable_prefix_bloom_size_ratio: 0.125000
2022/09/02-14:37:37.072419 4b78   Options.memtable_huge_page_size: 0
2022/09/02-14:37:37.072423 4b78                           Options.bloom_locality: 0
2022/09/02-14:37:37.072427 4b78                    Options.max_successive_merges: 0
2022/09/02-14:37:37.072431 4b78                Options.optimize_filters_for_hits: 0
2022/09/02-14:37:37.072436 4b78                Options.paranoid_file_checks: 0
2022/09/02-14:37:37.072440 4b78                Options.force_consistency_checks: 1
2022/09/02-14:37:37.072444 4b78                Options.report_bg_io_stats: 0
2022/09/02-14:37:37.072448 4b78                               Options.ttl: 0
2022/09/02-14:37:37.074431 4b78 [db\column_family.cc:474] --------------- Options for column family [Configuration]:
2022/09/02-14:37:37.074444 4b78               Options.comparator: leveldb.BytewiseComparator
2022/09/02-14:37:37.074448 4b78           Options.merge_operator: StringAppendOperator
2022/09/02-14:37:37.074451 4b78        Options.compaction_filter: None
2022/09/02-14:37:37.074454 4b78        Options.compaction_filter_factory: None
2022/09/02-14:37:37.074457 4b78         Options.memtable_factory: SkipListFactory
2022/09/02-14:37:37.074460 4b78            Options.table_factory: BlockBasedTable
2022/09/02-14:37:37.074482 4b78            table_factory options:   flush_block_policy_factory: FlushBlockBySizePolicyFactory (0000020633E72830)
  cache_index_and_filter_blocks: 0
  cache_index_and_filter_blocks_with_high_priority: 1
  pin_l0_filter_and_index_blocks_in_cache: 1
  pin_top_level_index_and_filter: 1
  index_type: 2
  hash_index_allow_collision: 1
  checksum: 1
  no_block_cache: 0
  block_cache: 00000206343A56F0
  block_cache_name: LRUCache
  block_cache_options:
    capacity : 536870912
    num_shard_bits : 8
    strict_capacity_limit : 0
    memory_allocator : None
    high_pri_pool_ratio: 0.000
  block_cache_compressed: 0000000000000000
  persistent_cache: 0000000000000000
  block_size: 4096
  block_size_deviation: 10
  block_restart_interval: 16
  index_block_restart_interval: 1
  metadata_block_size: 8192
  partition_filters: 1
  use_delta_encoding: 1
  filter_policy: nullptr
  whole_key_filtering: 1
  verify_compression: 0
  read_amp_bytes_per_bit: 0
  format_version: 0
  enable_index_compression: 1
  block_align: 0
2022/09/02-14:37:37.074486 4b78        Options.write_buffer_size: 67108864
2022/09/02-14:37:37.074489 4b78  Options.max_write_buffer_number: 3
2022/09/02-14:37:37.074492 4b78          Options.compression: Snappy
2022/09/02-14:37:37.074540 4b78                  Options.bottommost_compression: Disabled
2022/09/02-14:37:37.074547 4b78       Options.prefix_extractor: rocksdb.FixedPrefix.8
2022/09/02-14:37:37.074551 4b78   Options.memtable_insert_with_hint_prefix_extractor: nullptr
2022/09/02-14:37:37.074555 4b78             Options.num_levels: 7
2022/09/02-14:37:37.074559 4b78        Options.min_write_buffer_number_to_merge: 1
2022/09/02-14:37:37.074563 4b78     Options.max_write_buffer_number_to_maintain: 0
2022/09/02-14:37:37.074567 4b78            Options.bottommost_compression_opts.window_bits: -14
2022/09/02-14:37:37.074571 4b78                  Options.bottommost_compression_opts.level: 32767
2022/09/02-14:37:37.074575 4b78               Options.bottommost_compression_opts.strategy: 0
2022/09/02-14:37:37.074579 4b78         Options.bottommost_compression_opts.max_dict_bytes: 0
2022/09/02-14:37:37.074583 4b78         Options.bottommost_compression_opts.zstd_max_train_bytes: 0
2022/09/02-14:37:37.074588 4b78                  Options.bottommost_compression_opts.enabled: false
2022/09/02-14:37:37.074592 4b78            Options.compression_opts.window_bits: -14
2022/09/02-14:37:37.074596 4b78                  Options.compression_opts.level: 32767
2022/09/02-14:37:37.074600 4b78               Options.compression_opts.strategy: 0
2022/09/02-14:37:37.074604 4b78         Options.compression_opts.max_dict_bytes: 0
2022/09/02-14:37:37.074608 4b78         Options.compression_opts.zstd_max_train_bytes: 0
2022/09/02-14:37:37.074612 4b78                  Options.compression_opts.enabled: false
2022/09/02-14:37:37.074616 4b78      Options.level0_file_num_compaction_trigger: 10
2022/09/02-14:37:37.074620 4b78          Options.level0_slowdown_writes_trigger: 20
2022/09/02-14:37:37.074624 4b78              Options.level0_stop_writes_trigger: 40
2022/09/02-14:37:37.074627 4b78                   Options.target_file_size_base: 67108864
2022/09/02-14:37:37.074630 4b78             Options.target_file_size_multiplier: 1
2022/09/02-14:37:37.074633 4b78                Options.max_bytes_for_level_base: 536870912
2022/09/02-14:37:37.074636 4b78 Options.level_compaction_dynamic_level_bytes: 0
2022/09/02-14:37:37.074638 4b78          Options.max_bytes_for_level_multiplier: 10.000000
2022/09/02-14:37:37.074643 4b78 Options.max_bytes_for_level_multiplier_addtl[0]: 1
2022/09/02-14:37:37.074646 4b78 Options.max_bytes_for_level_multiplier_addtl[1]: 1
2022/09/02-14:37:37.074649 4b78 Options.max_bytes_for_level_multiplier_addtl[2]: 1
2022/09/02-14:37:37.074652 4b78 Options.max_bytes_for_level_multiplier_addtl[3]: 1
2022/09/02-14:37:37.074655 4b78 Options.max_bytes_for_level_multiplier_addtl[4]: 1
2022/09/02-14:37:37.074657 4b78 Options.max_bytes_for_level_multiplier_addtl[5]: 1
2022/09/02-14:37:37.074660 4b78 Options.max_bytes_for_level_multiplier_addtl[6]: 1
2022/09/02-14:37:37.074663 4b78       Options.max_sequential_skip_in_iterations: 8
2022/09/02-14:37:37.074666 4b78                    Options.max_compaction_bytes: 1677721600
2022/09/02-14:37:37.074669 4b78                        Options.arena_block_size: 8388608
2022/09/02-14:37:37.074672 4b78   Options.soft_pending_compaction_bytes_limit: 68719476736
2022/09/02-14:37:37.074675 4b78   Options.hard_pending_compaction_bytes_limit: 274877906944
2022/09/02-14:37:37.074677 4b78       Options.rate_limit_delay_max_milliseconds: 100
2022/09/02-14:37:37.074680 4b78                Options.disable_auto_compactions: 0
2022/09/02-14:37:37.074684 4b78                        Options.compaction_style: kCompactionStyleLevel
2022/09/02-14:37:37.074688 4b78                          Options.compaction_pri: kByCompensatedSize
2022/09/02-14:37:37.074690 4b78 Options.compaction_options_universal.size_ratio: 1
2022/09/02-14:37:37.074693 4b78 Options.compaction_options_universal.min_merge_width: 2
2022/09/02-14:37:37.074696 4b78 Options.compaction_options_universal.max_merge_width: 4294967295
2022/09/02-14:37:37.074699 4b78 Options.compaction_options_universal.max_size_amplification_percent: 200
2022/09/02-14:37:37.074702 4b78 Options.compaction_options_universal.compression_size_percent: -1
2022/09/02-14:37:37.074707 4b78 Options.compaction_options_universal.stop_style: kCompactionStopStyleTotalSize
2022/09/02-14:37:37.074716 4b78 Options.compaction_options_fifo.max_table_files_size: 1073741824
2022/09/02-14:37:37.074720 4b78 Options.compaction_options_fifo.allow_compaction: 0
2022/09/02-14:37:37.074723 4b78 Options.compaction_options_fifo.ttl: 0
2022/09/02-14:37:37.074726 4b78                   Options.table_properties_collectors: 
2022/09/02-14:37:37.074729 4b78                   Options.inplace_update_support: 0
2022/09/02-14:37:37.074731 4b78                 Options.inplace_update_num_locks: 10000
2022/09/02-14:37:37.074734 4b78               Options.memtable_prefix_bloom_size_ratio: 0.125000
2022/09/02-14:37:37.074738 4b78   Options.memtable_huge_page_size: 0
2022/09/02-14:37:37.074741 4b78                           Options.bloom_locality: 0
2022/09/02-14:37:37.074743 4b78                    Options.max_successive_merges: 0
2022/09/02-14:37:37.074746 4b78                Options.optimize_filters_for_hits: 0
2022/09/02-14:37:37.074749 4b78                Options.paranoid_file_checks: 0
2022/09/02-14:37:37.074752 4b78                Options.force_consistency_checks: 1
2022/09/02-14:37:37.074755 4b78                Options.report_bg_io_stats: 0
2022/09/02-14:37:37.074758 4b78                               Options.ttl: 0
2022/09/02-14:37:37.080706 4b78 [db\version_set.cc:3724] Recovered from manifest file:E:\workspace\JavaProject\PersonnelManageMent\nacos-server-2.1.0\nacos\data\protocol\raft\naming_persistent_service_v2\log/MANIFEST-000121 succeeded,manifest_file_number is 121, next_file_number is 124, last_sequence is 216, log_number is 0,prev_log_number is 0,max_column_family is 1,min_log_number_to_keep is 0
2022/09/02-14:37:37.080752 4b78 [db\version_set.cc:3732] Column family [default] (ID 0), log number is 120
2022/09/02-14:37:37.080758 4b78 [db\version_set.cc:3732] Column family [Configuration] (ID 1), log number is 120
2022/09/02-14:37:37.081297 4b78 EVENT_LOG_v1 {"time_micros": 1662100657081248, "job": 1, "event": "recovery_started", "log_files": [123]}
2022/09/02-14:37:37.081317 4b78 [db\db_impl_open.cc:578] Recovering log #123 mode 2
2022/09/02-14:37:37.084404 4b78 EVENT_LOG_v1 {"time_micros": 1662100657084382, "cf_name": "default", "job": 1, "event": "table_file_creation", "file_number": 124, "file_size": 778, "table_properties": {"data_size": 0, "index_size": 13, "filter_size": 0, "raw_key_size": 48, "raw_average_key_size": 0, "raw_value_size": 24, "raw_average_value_size": 0, "num_data_blocks": 0, "num_entries": 0, "filter_policy_name": ""}}
2022/09/02-14:37:37.087162 4b78 [db\version_set.cc:3037] Creating manifest 125
2022/09/02-14:37:37.095898 4b78 EVENT_LOG_v1 {"time_micros": 1662100657095870, "cf_name": "Configuration", "job": 1, "event": "table_file_creation", "file_number": 126, "file_size": 908, "table_properties": {"data_size": 44, "index_size": 49, "filter_size": 0, "raw_key_size": 74, "raw_average_key_size": 74, "raw_value_size": 32, "raw_average_value_size": 32, "num_data_blocks": 1, "num_entries": 1, "filter_policy_name": ""}}
2022/09/02-14:37:37.099401 4b78 EVENT_LOG_v1 {"time_micros": 1662100657099389, "job": 1, "event": "recovery_finished"}
2022/09/02-14:37:37.107733 4b78 [db\db_impl_open.cc:1314] DB pointer 00000206381109A0
2022/09/02-14:37:37.108226 4cf0 [WARN] [db\db_impl.cc:669] ------- DUMPING STATS -------
2022/09/02-14:37:37.108239 4cf0 [WARN] [db\db_impl.cc:670] 
** DB Stats **
Uptime(secs): 0.0 total, 0.0 interval
Cumulative writes: 0 writes, 0 keys, 0 commit groups, 0.0 writes per commit group, ingest: 0.00 GB, 0.00 MB/s
Cumulative WAL: 0 writes, 0 syncs, 0.00 writes per sync, written: 0.00 GB, 0.00 MB/s
Cumulative stall: 00:00:0.000 H:M:S, 0.0 percent
Interval writes: 0 writes, 0 keys, 0 commit groups, 0.0 writes per commit group, ingest: 0.00 MB, 0.00 MB/s
Interval WAL: 0 writes, 0 syncs, 0.00 writes per sync, written: 0.00 MB, 0.00 MB/s
Interval stall: 00:00:0.000 H:M:S, 0.0 percent

** Compaction Stats [default] **
Level    Files   Size     Score Read(GB)  Rn(GB) Rnp1(GB) Write(GB) Wnew(GB) Moved(GB) W-Amp Rd(MB/s) Wr(MB/s) Comp(sec) Comp(cnt) Avg(sec) KeyIn KeyDrop
----------------------------------------------------------------------------------------------------------------------------------------------------------
  L0      8/0    6.56 KB   0.8      0.0     0.0      0.0       0.0      0.0       0.0   1.0      0.0      0.2         0         1    0.003       0      0
  L1      1/0    0.78 KB   0.0      0.0     0.0      0.0       0.0      0.0       0.0   0.0      0.0      0.0         0         0    0.000       0      0
 Sum      9/0    7.34 KB   0.0      0.0     0.0      0.0       0.0      0.0       0.0   1.0      0.0      0.2         0         1    0.003       0      0
 Int      0/0    0.00 KB   0.0      0.0     0.0      0.0       0.0      0.0       0.0   1.0      0.0      0.2         0         1    0.003       0      0
Uptime(secs): 0.0 total, 0.0 interval
Flush(GB): cumulative 0.000, interval 0.000
AddFile(GB): cumulative 0.000, interval 0.000
AddFile(Total Files): cumulative 0, interval 0
AddFile(L0 Files): cumulative 0, interval 0
AddFile(Keys): cumulative 0, interval 0
Cumulative compaction: 0.00 GB write, 0.02 MB/s write, 0.00 GB read, 0.00 MB/s read, 0.0 seconds
Interval compaction: 0.00 GB write, 0.02 MB/s write, 0.00 GB read, 0.00 MB/s read, 0.0 seconds
Stalls(count): 0 level0_slowdown, 0 level0_slowdown_with_compaction, 0 level0_numfiles, 0 level0_numfiles_with_compaction, 0 stop for pending_compaction_bytes, 0 slowdown for pending_compaction_bytes, 0 memtable_compaction, 0 memtable_slowdown, interval 0 total count

** File Read Latency Histogram By Level [default] **
** Level 0 read latency histogram (micros):
Count: 45 Average: 7.6222  StdDev: 9.13
Min: 2  Median: 3.2500  Max: 44
Percentiles: P50: 3.25 P75: 5.69 P99: 38.67 P99.9: 42.12 P99.99: 42.46
------------------------------------------------------
(       1,       2 ]        5  11.111%  11.111% ##
(       2,       3 ]       16  35.556%  46.667% #######
(       3,       4 ]        6  13.333%  60.000% ###
(       4,       6 ]        8  17.778%  77.778% ####
(       6,      10 ]        3   6.667%  84.444% #
(      15,      22 ]        5  11.111%  95.556% ##
(      22,      34 ]        1   2.222%  97.778% 
(      34,      51 ]        2   4.444% 102.222% #

** Level 1 read latency histogram (micros):
Count: 4 Average: 7.5000  StdDev: 6.18
Min: 3  Median: 3.0000  Max: 18
Percentiles: P50: 3.00 P75: 6.00 P99: 18.00 P99.9: 18.00 P99.99: 18.00
------------------------------------------------------
(       2,       3 ]        2  50.000%  50.000% ##########
(       4,       6 ]        1  25.000%  75.000% #####
(      15,      22 ]        1  25.000% 100.000% #####


** Compaction Stats [Configuration] **
Level    Files   Size     Score Read(GB)  Rn(GB) Rnp1(GB) Write(GB) Wnew(GB) Moved(GB) W-Amp Rd(MB/s) Wr(MB/s) Comp(sec) Comp(cnt) Avg(sec) KeyIn KeyDrop
----------------------------------------------------------------------------------------------------------------------------------------------------------
  L0      8/0    7.00 KB   0.8      0.0     0.0      0.0       0.0      0.0       0.0   1.0      0.0      0.3         0         1    0.003       0      0
  L1      1/0    0.82 KB   0.0      0.0     0.0      0.0       0.0      0.0       0.0   0.0      0.0      0.0         0         0    0.000       0      0
 Sum      9/0    7.82 KB   0.0      0.0     0.0      0.0       0.0      0.0       0.0   1.0      0.0      0.3         0         1    0.003       0      0
 Int      0/0    0.00 KB   0.0      0.0     0.0      0.0       0.0      0.0       0.0   1.0      0.0      0.3         0         1    0.003       0      0
Uptime(secs): 0.0 total, 0.0 interval
Flush(GB): cumulative 0.000, interval 0.000
AddFile(GB): cumulative 0.000, interval 0.000
AddFile(Total Files): cumulative 0, interval 0
AddFile(L0 Files): cumulative 0, interval 0
AddFile(Keys): cumulative 0, interval 0
Cumulative compaction: 0.00 GB write, 0.03 MB/s write, 0.00 GB read, 0.00 MB/s read, 0.0 seconds
Interval compaction: 0.00 GB write, 0.03 MB/s write, 0.00 GB read, 0.00 MB/s read, 0.0 seconds
Stalls(count): 0 level0_slowdown, 0 level0_slowdown_with_compaction, 0 level0_numfiles, 0 level0_numfiles_with_compaction, 0 stop for pending_compaction_bytes, 0 slowdown for pending_compaction_bytes, 0 memtable_compaction, 0 memtable_slowdown, interval 0 total count

** File Read Latency Histogram By Level [Configuration] **
** Level 0 read latency histogram (micros):
Count: 47 Average: 7.4894  StdDev: 9.97
Min: 2  Median: 2.7750  Max: 49
Percentiles: P50: 2.77 P75: 4.90 P99: 38.51 P99.9: 42.10 P99.99: 42.46
------------------------------------------------------
(       1,       2 ]        8  17.021%  17.021% ###
(       2,       3 ]       20  42.553%  59.574% #########
(       3,       4 ]        5  10.638%  70.213% ##
(       4,       6 ]        5  10.638%  80.851% ##
(       6,      10 ]        1   2.128%  82.979% 
(      15,      22 ]        6  12.766%  95.745% ###
(      22,      34 ]        1   2.128%  97.872% 
(      34,      51 ]        2   4.255% 102.128% #

** Level 1 read latency histogram (micros):
Count: 4 Average: 6.2500  StdDev: 5.67
Min: 2  Median: 3.0000  Max: 16
Percentiles: P50: 3.00 P75: 4.00 P99: 16.00 P99.9: 16.00 P99.99: 16.00
------------------------------------------------------
(       1,       2 ]        1  25.000%  25.000% #####
(       2,       3 ]        1  25.000%  50.000% #####
(       3,       4 ]        1  25.000%  75.000% #####
(      15,      22 ]        1  25.000% 100.000% #####


** Compaction Stats [default] **
Level    Files   Size     Score Read(GB)  Rn(GB) Rnp1(GB) Write(GB) Wnew(GB) Moved(GB) W-Amp Rd(MB/s) Wr(MB/s) Comp(sec) Comp(cnt) Avg(sec) KeyIn KeyDrop
----------------------------------------------------------------------------------------------------------------------------------------------------------
  L0      8/0    6.56 KB   0.8      0.0     0.0      0.0       0.0      0.0       0.0   1.0      0.0      0.2         0         1    0.003       0      0
  L1      1/0    0.78 KB   0.0      0.0     0.0      0.0       0.0      0.0       0.0   0.0      0.0      0.0         0         0    0.000       0      0
 Sum      9/0    7.34 KB   0.0      0.0     0.0      0.0       0.0      0.0       0.0   1.0      0.0      0.2         0         1    0.003       0      0
 Int      0/0    0.00 KB   0.0      0.0     0.0      0.0       0.0      0.0       0.0   0.0      0.0      0.0         0         0    0.000       0      0
Uptime(secs): 0.0 total, 0.0 interval
Flush(GB): cumulative 0.000, interval 0.000
AddFile(GB): cumulative 0.000, interval 0.000
AddFile(Total Files): cumulative 0, interval 0
AddFile(L0 Files): cumulative 0, interval 0
AddFile(Keys): cumulative 0, interval 0
Cumulative compaction: 0.00 GB write, 0.02 MB/s write, 0.00 GB read, 0.00 MB/s read, 0.0 seconds
Interval compaction: 0.00 GB write, 0.00 MB/s write, 0.00 GB read, 0.00 MB/s read, 0.0 seconds
Stalls(count): 0 level0_slowdown, 0 level0_slowdown_with_compaction, 0 level0_numfiles, 0 level0_numfiles_with_compaction, 0 stop for pending_compaction_bytes, 0 slowdown for pending_compaction_bytes, 0 memtable_compaction, 0 memtable_slowdown, interval 0 total count

** File Read Latency Histogram By Level [default] **
** Level 0 read latency histogram (micros):
Count: 45 Average: 7.6222  StdDev: 9.13
Min: 2  Median: 3.2500  Max: 44
Percentiles: P50: 3.25 P75: 5.69 P99: 38.67 P99.9: 42.12 P99.99: 42.46
------------------------------------------------------
(       1,       2 ]        5  11.111%  11.111% ##
(       2,       3 ]       16  35.556%  46.667% #######
(       3,       4 ]        6  13.333%  60.000% ###
(       4,       6 ]        8  17.778%  77.778% ####
(       6,      10 ]        3   6.667%  84.444% #
(      15,      22 ]        5  11.111%  95.556% ##
(      22,      34 ]        1   2.222%  97.778% 
(      34,      51 ]        2   4.444% 102.222% #

** Level 1 read latency histogram (micros):
Count: 4 Average: 7.5000  StdDev: 6.18
Min: 3  Median: 3.0000  Max: 18
Percentiles: P50: 3.00 P75: 6.00 P99: 18.00 P99.9: 18.00 P99.99: 18.00
------------------------------------------------------
(       2,       3 ]        2  50.000%  50.000% ##########
(       4,       6 ]        1  25.000%  75.000% #####
(      15,      22 ]        1  25.000% 100.000% #####


** Compaction Stats [Configuration] **
Level    Files   Size     Score Read(GB)  Rn(GB) Rnp1(GB) Write(GB) Wnew(GB) Moved(GB) W-Amp Rd(MB/s) Wr(MB/s) Comp(sec) Comp(cnt) Avg(sec) KeyIn KeyDrop
----------------------------------------------------------------------------------------------------------------------------------------------------------
  L0      8/0    7.00 KB   0.8      0.0     0.0      0.0       0.0      0.0       0.0   1.0      0.0      0.3         0         1    0.003       0      0
  L1      1/0    0.82 KB   0.0      0.0     0.0      0.0       0.0      0.0       0.0   0.0      0.0      0.0         0         0    0.000       0      0
 Sum      9/0    7.82 KB   0.0      0.0     0.0      0.0       0.0      0.0       0.0   1.0      0.0      0.3         0         1    0.003       0      0
 Int      0/0    0.00 KB   0.0      0.0     0.0      0.0       0.0      0.0       0.0   0.0      0.0      0.0         0         0    0.000       0      0
Uptime(secs): 0.0 total, 0.0 interval
Flush(GB): cumulative 0.000, interval 0.000
AddFile(GB): cumulative 0.000, interval 0.000
AddFile(Total Files): cumulative 0, interval 0
AddFile(L0 Files): cumulative 0, interval 0
AddFile(Keys): cumulative 0, interval 0
Cumulative compaction: 0.00 GB write, 0.03 MB/s write, 0.00 GB read, 0.00 MB/s read, 0.0 seconds
Interval compaction: 0.00 GB write, 0.00 MB/s write, 0.00 GB read, 0.00 MB/s read, 0.0 seconds
Stalls(count): 0 level0_slowdown, 0 level0_slowdown_with_compaction, 0 level0_numfiles, 0 level0_numfiles_with_compaction, 0 stop for pending_compaction_bytes, 0 slowdown for pending_compaction_bytes, 0 memtable_compaction, 0 memtable_slowdown, interval 0 total count

** File Read Latency Histogram By Level [Configuration] **
** Level 0 read latency histogram (micros):
Count: 47 Average: 7.4894  StdDev: 9.97
Min: 2  Median: 2.7750  Max: 49
Percentiles: P50: 2.77 P75: 4.90 P99: 38.51 P99.9: 42.10 P99.99: 42.46
------------------------------------------------------
(       1,       2 ]        8  17.021%  17.021% ###
(       2,       3 ]       20  42.553%  59.574% #########
(       3,       4 ]        5  10.638%  70.213% ##
(       4,       6 ]        5  10.638%  80.851% ##
(       6,      10 ]        1   2.128%  82.979% 
(      15,      22 ]        6  12.766%  95.745% ###
(      22,      34 ]        1   2.128%  97.872% 
(      34,      51 ]        2   4.255% 102.128% #

** Level 1 read latency histogram (micros):
Count: 4 Average: 6.2500  StdDev: 5.67
Min: 2  Median: 3.0000  Max: 16
Percentiles: P50: 3.00 P75: 4.00 P99: 16.00 P99.9: 16.00 P99.99: 16.00
------------------------------------------------------
(       1,       2 ]        1  25.000%  25.000% #####
(       2,       3 ]        1  25.000%  50.000% #####
(       3,       4 ]        1  25.000%  75.000% #####
(      15,      22 ]        1  25.000% 100.000% #####

2022/09/02-14:37:37.108845 4cf0 [WARN] [db\db_impl.cc:617] STATISTICS:
 rocksdb.block.cache.miss COUNT : 30
rocksdb.block.cache.hit COUNT : 0
rocksdb.block.cache.add COUNT : 30
rocksdb.block.cache.add.failures COUNT : 0
rocksdb.block.cache.index.miss COUNT : 14
rocksdb.block.cache.index.hit COUNT : 0
rocksdb.block.cache.index.add COUNT : 14
rocksdb.block.cache.index.bytes.insert COUNT : 1428
rocksdb.block.cache.index.bytes.evict COUNT : 0
rocksdb.block.cache.filter.miss COUNT : 0
rocksdb.block.cache.filter.hit COUNT : 0
rocksdb.block.cache.filter.add COUNT : 0
rocksdb.block.cache.filter.bytes.insert COUNT : 0
rocksdb.block.cache.filter.bytes.evict COUNT : 0
rocksdb.block.cache.data.miss COUNT : 16
rocksdb.block.cache.data.hit COUNT : 0
rocksdb.block.cache.data.add COUNT : 16
rocksdb.block.cache.data.bytes.insert COUNT : 2088
rocksdb.block.cache.bytes.read COUNT : 0
rocksdb.block.cache.bytes.write COUNT : 3516
rocksdb.bloom.filter.useful COUNT : 0
rocksdb.bloom.filter.full.positive COUNT : 0
rocksdb.bloom.filter.full.true.positive COUNT : 0
rocksdb.persistent.cache.hit COUNT : 0
rocksdb.persistent.cache.miss COUNT : 0
rocksdb.sim.block.cache.hit COUNT : 0
rocksdb.sim.block.cache.miss COUNT : 0
rocksdb.memtable.hit COUNT : 0
rocksdb.memtable.miss COUNT : 0
rocksdb.l0.hit COUNT : 0
rocksdb.l1.hit COUNT : 0
rocksdb.l2andup.hit COUNT : 0
rocksdb.compaction.key.drop.new COUNT : 0
rocksdb.compaction.key.drop.obsolete COUNT : 0
rocksdb.compaction.key.drop.range_del COUNT : 0
rocksdb.compaction.key.drop.user COUNT : 0
rocksdb.compaction.range_del.drop.obsolete COUNT : 0
rocksdb.compaction.optimized.del.drop.obsolete COUNT : 0
rocksdb.compaction.cancelled COUNT : 0
rocksdb.number.keys.written COUNT : 0
rocksdb.number.keys.read COUNT : 0
rocksdb.number.keys.updated COUNT : 0
rocksdb.bytes.written COUNT : 0
rocksdb.bytes.read COUNT : 0
rocksdb.number.db.seek COUNT : 0
rocksdb.number.db.next COUNT : 0
rocksdb.number.db.prev COUNT : 0
rocksdb.number.db.seek.found COUNT : 0
rocksdb.number.db.next.found COUNT : 0
rocksdb.number.db.prev.found COUNT : 0
rocksdb.db.iter.bytes.read COUNT : 0
rocksdb.no.file.closes COUNT : 0
rocksdb.no.file.opens COUNT : 18
rocksdb.no.file.errors COUNT : 0
rocksdb.l0.slowdown.micros COUNT : 0
rocksdb.memtable.compaction.micros COUNT : 0
rocksdb.l0.num.files.stall.micros COUNT : 0
rocksdb.stall.micros COUNT : 0
rocksdb.db.mutex.wait.micros COUNT : 0
rocksdb.rate.limit.delay.millis COUNT : 0
rocksdb.num.iterators COUNT : 0
rocksdb.number.multiget.get COUNT : 0
rocksdb.number.multiget.keys.read COUNT : 0
rocksdb.number.multiget.bytes.read COUNT : 0
rocksdb.number.deletes.filtered COUNT : 0
rocksdb.number.merge.failures COUNT : 0
rocksdb.bloom.filter.prefix.checked COUNT : 0
rocksdb.bloom.filter.prefix.useful COUNT : 0
rocksdb.number.reseeks.iteration COUNT : 0
rocksdb.getupdatessince.calls COUNT : 0
rocksdb.block.cachecompressed.miss COUNT : 0
rocksdb.block.cachecompressed.hit COUNT : 0
rocksdb.block.cachecompressed.add COUNT : 0
rocksdb.block.cachecompressed.add.failures COUNT : 0
rocksdb.wal.synced COUNT : 0
rocksdb.wal.bytes COUNT : 0
rocksdb.write.self COUNT : 0
rocksdb.write.other COUNT : 0
rocksdb.write.timeout COUNT : 0
rocksdb.write.wal COUNT : 0
rocksdb.compact.read.bytes COUNT : 0
rocksdb.compact.write.bytes COUNT : 1686
rocksdb.flush.write.bytes COUNT : 0
rocksdb.number.direct.load.table.properties COUNT : 0
rocksdb.number.superversion_acquires COUNT : 0
rocksdb.number.superversion_releases COUNT : 0
rocksdb.number.superversion_cleanups COUNT : 0
rocksdb.number.block.compressed COUNT : 1
rocksdb.number.block.decompressed COUNT : 0
rocksdb.number.block.not_compressed COUNT : 0
rocksdb.merge.operation.time.nanos COUNT : 0
rocksdb.filter.operation.time.nanos COUNT : 0
rocksdb.row.cache.hit COUNT : 0
rocksdb.row.cache.miss COUNT : 0
rocksdb.read.amp.estimate.useful.bytes COUNT : 0
rocksdb.read.amp.total.read.bytes COUNT : 0
rocksdb.number.rate_limiter.drains COUNT : 0
rocksdb.number.iter.skip COUNT : 0
rocksdb.blobdb.num.put COUNT : 0
rocksdb.blobdb.num.write COUNT : 0
rocksdb.blobdb.num.get COUNT : 0
rocksdb.blobdb.num.multiget COUNT : 0
