2022/09/02-14:37:37.335452 4b78 RocksDB version: 5.18.4
2022/09/02-14:37:37.335549 4b78 Git sha rocksdb_build_git_sha:@b9a4a10659969c71e6f6eab4e4bae8c36ede919f@
2022/09/02-14:37:37.335569 4b78 Compile date Mar 11 2020
2022/09/02-14:37:37.335584 4b78 DB SUMMARY
2022/09/02-14:37:37.335729 4b78 CURRENT file:  CURRENT
2022/09/02-14:37:37.335746 4b78 IDENTITY file:  IDENTITY
2022/09/02-14:37:37.335774 4b78 MANIFEST file:  MANIFEST-000121 size: 895 Bytes
2022/09/02-14:37:37.335789 4b78 SST files in E:\workspace\JavaProject\PersonnelManageMent\nacos-server-2.1.0\nacos\data\protocol\raft\naming_instance_metadata\log dir, Total Num: 16, files: 000093.sst 000094.sst 000096.sst 000098.sst 000100.sst 000102.sst 000104.sst 000106.sst 000108.sst 
2022/09/02-14:37:37.335803 4b78 Write Ahead Log file in E:\workspace\JavaProject\PersonnelManageMent\nacos-server-2.1.0\nacos\data\protocol\raft\naming_instance_metadata\log: 000123.log size: 311 ; 
2022/09/02-14:37:37.335972 4b78                         Options.error_if_exists: 0
2022/09/02-14:37:37.335981 4b78                       Options.create_if_missing: 1
2022/09/02-14:37:37.335985 4b78                         Options.paranoid_checks: 1
2022/09/02-14:37:37.335989 4b78                                     Options.env: 000002063B0B3EE0
2022/09/02-14:37:37.335993 4b78                                Options.info_log: 0000020632AC7540
2022/09/02-14:37:37.335998 4b78                Options.max_file_opening_threads: 16
2022/09/02-14:37:37.336002 4b78                              Options.statistics: 000002063504CFC0
2022/09/02-14:37:37.336006 4b78                               Options.use_fsync: 0
2022/09/02-14:37:37.336010 4b78                       Options.max_log_file_size: 0
2022/09/02-14:37:37.336014 4b78                  Options.max_manifest_file_size: 1073741824
2022/09/02-14:37:37.336018 4b78                   Options.log_file_time_to_roll: 0
2022/09/02-14:37:37.336022 4b78                       Options.keep_log_file_num: 1000
2022/09/02-14:37:37.336026 4b78                    Options.recycle_log_file_num: 0
2022/09/02-14:37:37.336030 4b78                         Options.allow_fallocate: 1
2022/09/02-14:37:37.336034 4b78                        Options.allow_mmap_reads: 0
2022/09/02-14:37:37.336038 4b78                       Options.allow_mmap_writes: 0
2022/09/02-14:37:37.336042 4b78                        Options.use_direct_reads: 0
2022/09/02-14:37:37.336046 4b78                        Options.use_direct_io_for_flush_and_compaction: 0
2022/09/02-14:37:37.336050 4b78          Options.create_missing_column_families: 1
2022/09/02-14:37:37.336054 4b78                              Options.db_log_dir: 
2022/09/02-14:37:37.336058 4b78                                 Options.wal_dir: E:\workspace\JavaProject\PersonnelManageMent\nacos-server-2.1.0\nacos\data\protocol\raft\naming_instance_metadata\log
2022/09/02-14:37:37.336062 4b78                Options.table_cache_numshardbits: 6
2022/09/02-14:37:37.336066 4b78                      Options.max_subcompactions: 1
2022/09/02-14:37:37.336070 4b78                  Options.max_background_flushes: 1
2022/09/02-14:37:37.336074 4b78                         Options.WAL_ttl_seconds: 0
2022/09/02-14:37:37.336078 4b78                       Options.WAL_size_limit_MB: 0
2022/09/02-14:37:37.336082 4b78             Options.manifest_preallocation_size: 4194304
2022/09/02-14:37:37.336086 4b78                     Options.is_fd_close_on_exec: 1
2022/09/02-14:37:37.336090 4b78                   Options.advise_random_on_open: 1
2022/09/02-14:37:37.336094 4b78                    Options.db_write_buffer_size: 0
2022/09/02-14:37:37.336098 4b78                    Options.write_buffer_manager: 0000020639A6FFE0
2022/09/02-14:37:37.336103 4b78         Options.access_hint_on_compaction_start: 1
2022/09/02-14:37:37.336106 4b78  Options.new_table_reader_for_compaction_inputs: 0
2022/09/02-14:37:37.336110 4b78           Options.random_access_max_buffer_size: 1048576
2022/09/02-14:37:37.336114 4b78                      Options.use_adaptive_mutex: 0
2022/09/02-14:37:37.336117 4b78                            Options.rate_limiter: 0000000000000000
2022/09/02-14:37:37.336165 4b78     Options.sst_file_manager.rate_bytes_per_sec: 0
2022/09/02-14:37:37.336173 4b78                       Options.wal_recovery_mode: 2
2022/09/02-14:37:37.336177 4b78                  Options.enable_thread_tracking: 0
2022/09/02-14:37:37.336181 4b78                  Options.enable_pipelined_write: 0
2022/09/02-14:37:37.336184 4b78         Options.allow_concurrent_memtable_write: 1
2022/09/02-14:37:37.336188 4b78      Options.enable_write_thread_adaptive_yield: 1
2022/09/02-14:37:37.336192 4b78             Options.write_thread_max_yield_usec: 100
2022/09/02-14:37:37.336196 4b78            Options.write_thread_slow_yield_usec: 3
2022/09/02-14:37:37.336200 4b78                               Options.row_cache: None
2022/09/02-14:37:37.336204 4b78                              Options.wal_filter: None
2022/09/02-14:37:37.336207 4b78             Options.avoid_flush_during_recovery: 0
2022/09/02-14:37:37.336211 4b78             Options.allow_ingest_behind: 0
2022/09/02-14:37:37.336214 4b78             Options.preserve_deletes: 0
2022/09/02-14:37:37.336217 4b78             Options.two_write_queues: 0
2022/09/02-14:37:37.336221 4b78             Options.manual_wal_flush: 0
2022/09/02-14:37:37.336224 4b78             Options.max_background_jobs: 2
2022/09/02-14:37:37.336227 4b78             Options.max_background_compactions: 4
2022/09/02-14:37:37.336231 4b78             Options.avoid_flush_during_shutdown: 0
2022/09/02-14:37:37.336234 4b78           Options.writable_file_max_buffer_size: 1048576
2022/09/02-14:37:37.336238 4b78             Options.delayed_write_rate : 16777216
2022/09/02-14:37:37.336241 4b78             Options.max_total_wal_size: 0
2022/09/02-14:37:37.336245 4b78             Options.delete_obsolete_files_period_micros: 21600000000
2022/09/02-14:37:37.336249 4b78                   Options.stats_dump_period_sec: 600
2022/09/02-14:37:37.336253 4b78                          Options.max_open_files: -1
2022/09/02-14:37:37.336257 4b78                          Options.bytes_per_sync: 0
2022/09/02-14:37:37.336261 4b78                      Options.wal_bytes_per_sync: 0
2022/09/02-14:37:37.336265 4b78       Options.compaction_readahead_size: 0
2022/09/02-14:37:37.336269 4b78 Compression algorithms supported:
2022/09/02-14:37:37.336273 4b78 	kZSTD supported: 1
2022/09/02-14:37:37.336278 4b78 	kSnappyCompression supported: 1
2022/09/02-14:37:37.336282 4b78 	kBZip2Compression supported: 0
2022/09/02-14:37:37.336286 4b78 	kZlibCompression supported: 1
2022/09/02-14:37:37.336290 4b78 	kLZ4Compression supported: 1
2022/09/02-14:37:37.336294 4b78 	kXpressCompression supported: 0
2022/09/02-14:37:37.336297 4b78 	kLZ4HCCompression supported: 1
2022/09/02-14:37:37.336301 4b78 	kZSTDNotFinalCompression supported: 1
2022/09/02-14:37:37.336310 4b78 Fast CRC32 supported: Supported on x86
2022/09/02-14:37:37.336888 4b78 [db\version_set.cc:3508] Recovering from manifest file: MANIFEST-000121
2022/09/02-14:37:37.336970 4b78 [db\column_family.cc:474] --------------- Options for column family [default]:
2022/09/02-14:37:37.336978 4b78               Options.comparator: leveldb.BytewiseComparator
2022/09/02-14:37:37.336982 4b78           Options.merge_operator: StringAppendOperator
2022/09/02-14:37:37.336986 4b78        Options.compaction_filter: None
2022/09/02-14:37:37.336990 4b78        Options.compaction_filter_factory: None
2022/09/02-14:37:37.336994 4b78         Options.memtable_factory: SkipListFactory
2022/09/02-14:37:37.336998 4b78            Options.table_factory: BlockBasedTable
2022/09/02-14:37:37.337035 4b78            table_factory options:   flush_block_policy_factory: FlushBlockBySizePolicyFactory (0000020634AD2BA0)
  cache_index_and_filter_blocks: 0
  cache_index_and_filter_blocks_with_high_priority: 1
  pin_l0_filter_and_index_blocks_in_cache: 1
  pin_top_level_index_and_filter: 1
  index_type: 2
  hash_index_allow_collision: 1
  checksum: 1
  no_block_cache: 0
  block_cache: 000002063985B370
  block_cache_name: LRUCache
  block_cache_options:
    capacity : 536870912
    num_shard_bits : 8
    strict_capacity_limit : 0
    memory_allocator : None
    high_pri_pool_ratio: 0.000
  block_cache_compressed: 0000000000000000
  persistent_cache: 0000000000000000
  block_size: 4096
  block_size_deviation: 10
  block_restart_interval: 16
  index_block_restart_interval: 1
  metadata_block_size: 8192
  partition_filters: 1
  use_delta_encoding: 1
  filter_policy: nullptr
  whole_key_filtering: 1
  verify_compression: 0
  read_amp_bytes_per_bit: 0
  format_version: 0
  enable_index_compression: 1
  block_align: 0
2022/09/02-14:37:37.337087 4b78        Options.write_buffer_size: 67108864
2022/09/02-14:37:37.337094 4b78  Options.max_write_buffer_number: 3
2022/09/02-14:37:37.337099 4b78          Options.compression: Snappy
2022/09/02-14:37:37.337102 4b78                  Options.bottommost_compression: Disabled
2022/09/02-14:37:37.337106 4b78       Options.prefix_extractor: rocksdb.FixedPrefix.8
2022/09/02-14:37:37.337110 4b78   Options.memtable_insert_with_hint_prefix_extractor: nullptr
2022/09/02-14:37:37.337114 4b78             Options.num_levels: 7
2022/09/02-14:37:37.337118 4b78        Options.min_write_buffer_number_to_merge: 1
2022/09/02-14:37:37.337121 4b78     Options.max_write_buffer_number_to_maintain: 0
2022/09/02-14:37:37.337125 4b78            Options.bottommost_compression_opts.window_bits: -14
2022/09/02-14:37:37.337129 4b78                  Options.bottommost_compression_opts.level: 32767
2022/09/02-14:37:37.337133 4b78               Options.bottommost_compression_opts.strategy: 0
2022/09/02-14:37:37.337137 4b78         Options.bottommost_compression_opts.max_dict_bytes: 0
2022/09/02-14:37:37.337141 4b78         Options.bottommost_compression_opts.zstd_max_train_bytes: 0
2022/09/02-14:37:37.337145 4b78                  Options.bottommost_compression_opts.enabled: false
2022/09/02-14:37:37.337149 4b78            Options.compression_opts.window_bits: -14
2022/09/02-14:37:37.337154 4b78                  Options.compression_opts.level: 32767
2022/09/02-14:37:37.337157 4b78               Options.compression_opts.strategy: 0
2022/09/02-14:37:37.337161 4b78         Options.compression_opts.max_dict_bytes: 0
2022/09/02-14:37:37.337164 4b78         Options.compression_opts.zstd_max_train_bytes: 0
2022/09/02-14:37:37.337168 4b78                  Options.compression_opts.enabled: false
2022/09/02-14:37:37.337173 4b78      Options.level0_file_num_compaction_trigger: 10
2022/09/02-14:37:37.337177 4b78          Options.level0_slowdown_writes_trigger: 20
2022/09/02-14:37:37.337180 4b78              Options.level0_stop_writes_trigger: 40
2022/09/02-14:37:37.337184 4b78                   Options.target_file_size_base: 67108864
2022/09/02-14:37:37.337188 4b78             Options.target_file_size_multiplier: 1
2022/09/02-14:37:37.337192 4b78                Options.max_bytes_for_level_base: 536870912
2022/09/02-14:37:37.337196 4b78 Options.level_compaction_dynamic_level_bytes: 0
2022/09/02-14:37:37.337200 4b78          Options.max_bytes_for_level_multiplier: 10.000000
2022/09/02-14:37:37.337206 4b78 Options.max_bytes_for_level_multiplier_addtl[0]: 1
2022/09/02-14:37:37.337210 4b78 Options.max_bytes_for_level_multiplier_addtl[1]: 1
2022/09/02-14:37:37.337214 4b78 Options.max_bytes_for_level_multiplier_addtl[2]: 1
2022/09/02-14:37:37.337217 4b78 Options.max_bytes_for_level_multiplier_addtl[3]: 1
2022/09/02-14:37:37.337221 4b78 Options.max_bytes_for_level_multiplier_addtl[4]: 1
2022/09/02-14:37:37.337224 4b78 Options.max_bytes_for_level_multiplier_addtl[5]: 1
2022/09/02-14:37:37.337228 4b78 Options.max_bytes_for_level_multiplier_addtl[6]: 1
2022/09/02-14:37:37.337232 4b78       Options.max_sequential_skip_in_iterations: 8
2022/09/02-14:37:37.337236 4b78                    Options.max_compaction_bytes: 1677721600
2022/09/02-14:37:37.337240 4b78                        Options.arena_block_size: 8388608
2022/09/02-14:37:37.337243 4b78   Options.soft_pending_compaction_bytes_limit: 68719476736
2022/09/02-14:37:37.337247 4b78   Options.hard_pending_compaction_bytes_limit: 274877906944
2022/09/02-14:37:37.337253 4b78       Options.rate_limit_delay_max_milliseconds: 100
2022/09/02-14:37:37.337257 4b78                Options.disable_auto_compactions: 0
2022/09/02-14:37:37.337263 4b78                        Options.compaction_style: kCompactionStyleLevel
2022/09/02-14:37:37.337267 4b78                          Options.compaction_pri: kByCompensatedSize
2022/09/02-14:37:37.337271 4b78 Options.compaction_options_universal.size_ratio: 1
2022/09/02-14:37:37.337274 4b78 Options.compaction_options_universal.min_merge_width: 2
2022/09/02-14:37:37.337278 4b78 Options.compaction_options_universal.max_merge_width: 4294967295
2022/09/02-14:37:37.337281 4b78 Options.compaction_options_universal.max_size_amplification_percent: 200
2022/09/02-14:37:37.337285 4b78 Options.compaction_options_universal.compression_size_percent: -1
2022/09/02-14:37:37.337289 4b78 Options.compaction_options_universal.stop_style: kCompactionStopStyleTotalSize
2022/09/02-14:37:37.337293 4b78 Options.compaction_options_fifo.max_table_files_size: 1073741824
2022/09/02-14:37:37.337297 4b78 Options.compaction_options_fifo.allow_compaction: 0
2022/09/02-14:37:37.337301 4b78 Options.compaction_options_fifo.ttl: 0
2022/09/02-14:37:37.337305 4b78                   Options.table_properties_collectors: 
2022/09/02-14:37:37.337309 4b78                   Options.inplace_update_support: 0
2022/09/02-14:37:37.337313 4b78                 Options.inplace_update_num_locks: 10000
2022/09/02-14:37:37.337317 4b78               Options.memtable_prefix_bloom_size_ratio: 0.125000
2022/09/02-14:37:37.337322 4b78   Options.memtable_huge_page_size: 0
2022/09/02-14:37:37.337326 4b78                           Options.bloom_locality: 0
2022/09/02-14:37:37.337330 4b78                    Options.max_successive_merges: 0
2022/09/02-14:37:37.337334 4b78                Options.optimize_filters_for_hits: 0
2022/09/02-14:37:37.337337 4b78                Options.paranoid_file_checks: 0
2022/09/02-14:37:37.337341 4b78                Options.force_consistency_checks: 1
2022/09/02-14:37:37.337345 4b78                Options.report_bg_io_stats: 0
2022/09/02-14:37:37.337349 4b78                               Options.ttl: 0
2022/09/02-14:37:37.339319 4b78 [db\column_family.cc:474] --------------- Options for column family [Configuration]:
2022/09/02-14:37:37.339335 4b78               Options.comparator: leveldb.BytewiseComparator
2022/09/02-14:37:37.339340 4b78           Options.merge_operator: StringAppendOperator
2022/09/02-14:37:37.339344 4b78        Options.compaction_filter: None
2022/09/02-14:37:37.339347 4b78        Options.compaction_filter_factory: None
2022/09/02-14:37:37.339352 4b78         Options.memtable_factory: SkipListFactory
2022/09/02-14:37:37.339356 4b78            Options.table_factory: BlockBasedTable
2022/09/02-14:37:37.339396 4b78            table_factory options:   flush_block_policy_factory: FlushBlockBySizePolicyFactory (0000020634AD2BA0)
  cache_index_and_filter_blocks: 0
  cache_index_and_filter_blocks_with_high_priority: 1
  pin_l0_filter_and_index_blocks_in_cache: 1
  pin_top_level_index_and_filter: 1
  index_type: 2
  hash_index_allow_collision: 1
  checksum: 1
  no_block_cache: 0
  block_cache: 000002063985B370
  block_cache_name: LRUCache
  block_cache_options:
    capacity : 536870912
    num_shard_bits : 8
    strict_capacity_limit : 0
    memory_allocator : None
    high_pri_pool_ratio: 0.000
  block_cache_compressed: 0000000000000000
  persistent_cache: 0000000000000000
  block_size: 4096
  block_size_deviation: 10
  block_restart_interval: 16
  index_block_restart_interval: 1
  metadata_block_size: 8192
  partition_filters: 1
  use_delta_encoding: 1
  filter_policy: nullptr
  whole_key_filtering: 1
  verify_compression: 0
  read_amp_bytes_per_bit: 0
  format_version: 0
  enable_index_compression: 1
  block_align: 0
2022/09/02-14:37:37.339402 4b78        Options.write_buffer_size: 67108864
2022/09/02-14:37:37.339406 4b78  Options.max_write_buffer_number: 3
2022/09/02-14:37:37.339409 4b78          Options.compression: Snappy
2022/09/02-14:37:37.339413 4b78                  Options.bottommost_compression: Disabled
2022/09/02-14:37:37.339482 4b78       Options.prefix_extractor: rocksdb.FixedPrefix.8
2022/09/02-14:37:37.339488 4b78   Options.memtable_insert_with_hint_prefix_extractor: nullptr
2022/09/02-14:37:37.339492 4b78             Options.num_levels: 7
2022/09/02-14:37:37.339495 4b78        Options.min_write_buffer_number_to_merge: 1
2022/09/02-14:37:37.339498 4b78     Options.max_write_buffer_number_to_maintain: 0
2022/09/02-14:37:37.339502 4b78            Options.bottommost_compression_opts.window_bits: -14
2022/09/02-14:37:37.339506 4b78                  Options.bottommost_compression_opts.level: 32767
2022/09/02-14:37:37.339510 4b78               Options.bottommost_compression_opts.strategy: 0
2022/09/02-14:37:37.339514 4b78         Options.bottommost_compression_opts.max_dict_bytes: 0
2022/09/02-14:37:37.339518 4b78         Options.bottommost_compression_opts.zstd_max_train_bytes: 0
2022/09/02-14:37:37.339523 4b78                  Options.bottommost_compression_opts.enabled: false
2022/09/02-14:37:37.339527 4b78            Options.compression_opts.window_bits: -14
2022/09/02-14:37:37.339531 4b78                  Options.compression_opts.level: 32767
2022/09/02-14:37:37.339535 4b78               Options.compression_opts.strategy: 0
2022/09/02-14:37:37.339539 4b78         Options.compression_opts.max_dict_bytes: 0
2022/09/02-14:37:37.339542 4b78         Options.compression_opts.zstd_max_train_bytes: 0
2022/09/02-14:37:37.339547 4b78                  Options.compression_opts.enabled: false
2022/09/02-14:37:37.339551 4b78      Options.level0_file_num_compaction_trigger: 10
2022/09/02-14:37:37.339555 4b78          Options.level0_slowdown_writes_trigger: 20
2022/09/02-14:37:37.339559 4b78              Options.level0_stop_writes_trigger: 40
2022/09/02-14:37:37.339563 4b78                   Options.target_file_size_base: 67108864
2022/09/02-14:37:37.339566 4b78             Options.target_file_size_multiplier: 1
2022/09/02-14:37:37.339570 4b78                Options.max_bytes_for_level_base: 536870912
2022/09/02-14:37:37.339574 4b78 Options.level_compaction_dynamic_level_bytes: 0
2022/09/02-14:37:37.339578 4b78          Options.max_bytes_for_level_multiplier: 10.000000
2022/09/02-14:37:37.339584 4b78 Options.max_bytes_for_level_multiplier_addtl[0]: 1
2022/09/02-14:37:37.339589 4b78 Options.max_bytes_for_level_multiplier_addtl[1]: 1
2022/09/02-14:37:37.339593 4b78 Options.max_bytes_for_level_multiplier_addtl[2]: 1
2022/09/02-14:37:37.339597 4b78 Options.max_bytes_for_level_multiplier_addtl[3]: 1
2022/09/02-14:37:37.339600 4b78 Options.max_bytes_for_level_multiplier_addtl[4]: 1
2022/09/02-14:37:37.339604 4b78 Options.max_bytes_for_level_multiplier_addtl[5]: 1
2022/09/02-14:37:37.339608 4b78 Options.max_bytes_for_level_multiplier_addtl[6]: 1
2022/09/02-14:37:37.339612 4b78       Options.max_sequential_skip_in_iterations: 8
2022/09/02-14:37:37.339616 4b78                    Options.max_compaction_bytes: 1677721600
2022/09/02-14:37:37.339621 4b78                        Options.arena_block_size: 8388608
2022/09/02-14:37:37.339626 4b78   Options.soft_pending_compaction_bytes_limit: 68719476736
2022/09/02-14:37:37.339630 4b78   Options.hard_pending_compaction_bytes_limit: 274877906944
2022/09/02-14:37:37.339635 4b78       Options.rate_limit_delay_max_milliseconds: 100
2022/09/02-14:37:37.339639 4b78                Options.disable_auto_compactions: 0
2022/09/02-14:37:37.339644 4b78                        Options.compaction_style: kCompactionStyleLevel
2022/09/02-14:37:37.339649 4b78                          Options.compaction_pri: kByCompensatedSize
2022/09/02-14:37:37.339653 4b78 Options.compaction_options_universal.size_ratio: 1
2022/09/02-14:37:37.339657 4b78 Options.compaction_options_universal.min_merge_width: 2
2022/09/02-14:37:37.339661 4b78 Options.compaction_options_universal.max_merge_width: 4294967295
2022/09/02-14:37:37.339665 4b78 Options.compaction_options_universal.max_size_amplification_percent: 200
2022/09/02-14:37:37.339669 4b78 Options.compaction_options_universal.compression_size_percent: -1
2022/09/02-14:37:37.339677 4b78 Options.compaction_options_universal.stop_style: kCompactionStopStyleTotalSize
2022/09/02-14:37:37.339682 4b78 Options.compaction_options_fifo.max_table_files_size: 1073741824
2022/09/02-14:37:37.339686 4b78 Options.compaction_options_fifo.allow_compaction: 0
2022/09/02-14:37:37.339690 4b78 Options.compaction_options_fifo.ttl: 0
2022/09/02-14:37:37.339694 4b78                   Options.table_properties_collectors: 
2022/09/02-14:37:37.339698 4b78                   Options.inplace_update_support: 0
2022/09/02-14:37:37.339702 4b78                 Options.inplace_update_num_locks: 10000
2022/09/02-14:37:37.339706 4b78               Options.memtable_prefix_bloom_size_ratio: 0.125000
2022/09/02-14:37:37.339711 4b78   Options.memtable_huge_page_size: 0
2022/09/02-14:37:37.339715 4b78                           Options.bloom_locality: 0
2022/09/02-14:37:37.339726 4b78                    Options.max_successive_merges: 0
2022/09/02-14:37:37.339729 4b78                Options.optimize_filters_for_hits: 0
2022/09/02-14:37:37.339733 4b78                Options.paranoid_file_checks: 0
2022/09/02-14:37:37.339737 4b78                Options.force_consistency_checks: 1
2022/09/02-14:37:37.339741 4b78                Options.report_bg_io_stats: 0
2022/09/02-14:37:37.339745 4b78                               Options.ttl: 0
2022/09/02-14:37:37.349411 4b78 [db\version_set.cc:3724] Recovered from manifest file:E:\workspace\JavaProject\PersonnelManageMent\nacos-server-2.1.0\nacos\data\protocol\raft\naming_instance_metadata\log/MANIFEST-000121 succeeded,manifest_file_number is 121, next_file_number is 124, last_sequence is 201, log_number is 0,prev_log_number is 0,max_column_family is 1,min_log_number_to_keep is 0
2022/09/02-14:37:37.349429 4b78 [db\version_set.cc:3732] Column family [default] (ID 0), log number is 120
2022/09/02-14:37:37.349434 4b78 [db\version_set.cc:3732] Column family [Configuration] (ID 1), log number is 120
2022/09/02-14:37:37.349872 4b78 EVENT_LOG_v1 {"time_micros": 1662100657349861, "job": 1, "event": "recovery_started", "log_files": [123]}
2022/09/02-14:37:37.349885 4b78 [db\db_impl_open.cc:578] Recovering log #123 mode 2
2022/09/02-14:37:37.352800 4b78 EVENT_LOG_v1 {"time_micros": 1662100657352777, "cf_name": "default", "job": 1, "event": "table_file_creation", "file_number": 124, "file_size": 892, "table_properties": {"data_size": 65, "index_size": 49, "filter_size": 0, "raw_key_size": 48, "raw_average_key_size": 48, "raw_value_size": 49, "raw_average_value_size": 49, "num_data_blocks": 1, "num_entries": 1, "filter_policy_name": ""}}
2022/09/02-14:37:37.355847 4b78 [db\version_set.cc:3037] Creating manifest 125
2022/09/02-14:37:37.366582 4b78 EVENT_LOG_v1 {"time_micros": 1662100657366559, "cf_name": "Configuration", "job": 1, "event": "table_file_creation", "file_number": 126, "file_size": 936, "table_properties": {"data_size": 102, "index_size": 49, "filter_size": 0, "raw_key_size": 74, "raw_average_key_size": 37, "raw_value_size": 57, "raw_average_value_size": 28, "num_data_blocks": 1, "num_entries": 2, "filter_policy_name": ""}}
2022/09/02-14:37:37.370309 4b78 EVENT_LOG_v1 {"time_micros": 1662100657370301, "job": 1, "event": "recovery_finished"}
2022/09/02-14:37:37.379234 4b78 [db\db_impl_open.cc:1314] DB pointer 0000020639693BF0
2022/09/02-14:37:37.379859 50bc [WARN] [db\db_impl.cc:669] ------- DUMPING STATS -------
2022/09/02-14:37:37.379877 50bc [WARN] [db\db_impl.cc:670] 
** DB Stats **
Uptime(secs): 0.0 total, 0.0 interval
Cumulative writes: 0 writes, 0 keys, 0 commit groups, 0.0 writes per commit group, ingest: 0.00 GB, 0.00 MB/s
Cumulative WAL: 0 writes, 0 syncs, 0.00 writes per sync, written: 0.00 GB, 0.00 MB/s
Cumulative stall: 00:00:0.000 H:M:S, 0.0 percent
Interval writes: 0 writes, 0 keys, 0 commit groups, 0.0 writes per commit group, ingest: 0.00 MB, 0.00 MB/s
Interval WAL: 0 writes, 0 syncs, 0.00 writes per sync, written: 0.00 MB, 0.00 MB/s
Interval stall: 00:00:0.000 H:M:S, 0.0 percent

** Compaction Stats [default] **
Level    Files   Size     Score Read(GB)  Rn(GB) Rnp1(GB) Write(GB) Wnew(GB) Moved(GB) W-Amp Rd(MB/s) Wr(MB/s) Comp(sec) Comp(cnt) Avg(sec) KeyIn KeyDrop
----------------------------------------------------------------------------------------------------------------------------------------------------------
  L0      8/0    6.68 KB   0.8      0.0     0.0      0.0       0.0      0.0       0.0   1.0      0.0      0.3         0         1    0.003       0      0
  L1      1/0    0.78 KB   0.0      0.0     0.0      0.0       0.0      0.0       0.0   0.0      0.0      0.0         0         0    0.000       0      0
 Sum      9/0    7.45 KB   0.0      0.0     0.0      0.0       0.0      0.0       0.0   1.0      0.0      0.3         0         1    0.003       0      0
 Int      0/0    0.00 KB   0.0      0.0     0.0      0.0       0.0      0.0       0.0   1.0      0.0      0.3         0         1    0.003       0      0
Uptime(secs): 0.0 total, 0.0 interval
Flush(GB): cumulative 0.000, interval 0.000
AddFile(GB): cumulative 0.000, interval 0.000
AddFile(Total Files): cumulative 0, interval 0
AddFile(L0 Files): cumulative 0, interval 0
AddFile(Keys): cumulative 0, interval 0
Cumulative compaction: 0.00 GB write, 0.02 MB/s write, 0.00 GB read, 0.00 MB/s read, 0.0 seconds
Interval compaction: 0.00 GB write, 0.02 MB/s write, 0.00 GB read, 0.00 MB/s read, 0.0 seconds
Stalls(count): 0 level0_slowdown, 0 level0_slowdown_with_compaction, 0 level0_numfiles, 0 level0_numfiles_with_compaction, 0 stop for pending_compaction_bytes, 0 slowdown for pending_compaction_bytes, 0 memtable_compaction, 0 memtable_slowdown, interval 0 total count

** File Read Latency Histogram By Level [default] **
** Level 0 read latency histogram (micros):
Count: 47 Average: 5.4255  StdDev: 5.63
Min: 2  Median: 2.6053  Max: 26
Percentiles: P50: 2.61 P75: 3.85 P99: 26.00 P99.9: 26.00 P99.99: 26.00
------------------------------------------------------
(       1,       2 ]       12  25.532%  25.532% #####
(       2,       3 ]       19  40.426%  65.957% ########
(       3,       4 ]        5  10.638%  76.596% ##
(       4,       6 ]        2   4.255%  80.851% #
(       6,      10 ]        1   2.128%  82.979% 
(      10,      15 ]        3   6.383%  89.362% #
(      15,      22 ]        4   8.511%  97.872% ##
(      22,      34 ]        1   2.128% 100.000% 

** Level 1 read latency histogram (micros):
Count: 4 Average: 5.5000  StdDev: 4.92
Min: 2  Median: 2.5000  Max: 14
Percentiles: P50: 2.50 P75: 3.00 P99: 14.00 P99.9: 14.00 P99.99: 14.00
------------------------------------------------------
(       1,       2 ]        1  25.000%  25.000% #####
(       2,       3 ]        2  50.000%  75.000% ##########
(      10,      15 ]        1  25.000% 100.000% #####


** Compaction Stats [Configuration] **
Level    Files   Size     Score Read(GB)  Rn(GB) Rnp1(GB) Write(GB) Wnew(GB) Moved(GB) W-Amp Rd(MB/s) Wr(MB/s) Comp(sec) Comp(cnt) Avg(sec) KeyIn KeyDrop
----------------------------------------------------------------------------------------------------------------------------------------------------------
  L0      8/0    7.03 KB   0.8      0.0     0.0      0.0       0.0      0.0       0.0   1.0      0.0      0.3         0         1    0.003       0      0
  L1      1/0    0.82 KB   0.0      0.0     0.0      0.0       0.0      0.0       0.0   0.0      0.0      0.0         0         0    0.000       0      0
 Sum      9/0    7.85 KB   0.0      0.0     0.0      0.0       0.0      0.0       0.0   1.0      0.0      0.3         0         1    0.003       0      0
 Int      0/0    0.00 KB   0.0      0.0     0.0      0.0       0.0      0.0       0.0   1.0      0.0      0.3         0         1    0.003       0      0
Uptime(secs): 0.0 total, 0.0 interval
Flush(GB): cumulative 0.000, interval 0.000
AddFile(GB): cumulative 0.000, interval 0.000
AddFile(Total Files): cumulative 0, interval 0
AddFile(L0 Files): cumulative 0, interval 0
AddFile(Keys): cumulative 0, interval 0
Cumulative compaction: 0.00 GB write, 0.02 MB/s write, 0.00 GB read, 0.00 MB/s read, 0.0 seconds
Interval compaction: 0.00 GB write, 0.02 MB/s write, 0.00 GB read, 0.00 MB/s read, 0.0 seconds
Stalls(count): 0 level0_slowdown, 0 level0_slowdown_with_compaction, 0 level0_numfiles, 0 level0_numfiles_with_compaction, 0 stop for pending_compaction_bytes, 0 slowdown for pending_compaction_bytes, 0 memtable_compaction, 0 memtable_slowdown, interval 0 total count

** File Read Latency Histogram By Level [Configuration] **
** Level 0 read latency histogram (micros):
Count: 56 Average: 10.5536  StdDev: 29.39
Min: 2  Median: 3.0000  Max: 218
Percentiles: P50: 3.00 P75: 5.50 P99: 205.20 P99.9: 218.00 P99.99: 218.00
------------------------------------------------------
(       1,       2 ]        8  14.286%  14.286% ###
(       2,       3 ]       20  35.714%  50.000% #######
(       3,       4 ]        5   8.929%  58.929% ##
(       4,       6 ]       12  21.429%  80.357% ####
(       6,      10 ]        2   3.571%  83.929% #
(      10,      15 ]        1   1.786%  85.714% 
(      15,      22 ]        4   7.143%  92.857% #
(      22,      34 ]        1   1.786%  94.643% 
(      34,      51 ]        1   1.786%  96.429% 
(      51,      76 ]        1   1.786%  98.214% 
(     170,     250 ]        1   1.786% 100.000% 

** Level 1 read latency histogram (micros):
Count: 6 Average: 5.1667  StdDev: 4.52
Min: 2  Median: 3.0000  Max: 15
Percentiles: P50: 3.00 P75: 5.00 P99: 14.70 P99.9: 14.97 P99.99: 15.00
------------------------------------------------------
(       1,       2 ]        2  33.333%  33.333% #######
(       2,       3 ]        1  16.667%  50.000% ###
(       3,       4 ]        1  16.667%  66.667% ###
(       4,       6 ]        1  16.667%  83.333% ###
(      10,      15 ]        1  16.667% 100.000% ###


** Compaction Stats [default] **
Level    Files   Size     Score Read(GB)  Rn(GB) Rnp1(GB) Write(GB) Wnew(GB) Moved(GB) W-Amp Rd(MB/s) Wr(MB/s) Comp(sec) Comp(cnt) Avg(sec) KeyIn KeyDrop
----------------------------------------------------------------------------------------------------------------------------------------------------------
  L0      8/0    6.68 KB   0.8      0.0     0.0      0.0       0.0      0.0       0.0   1.0      0.0      0.3         0         1    0.003       0      0
  L1      1/0    0.78 KB   0.0      0.0     0.0      0.0       0.0      0.0       0.0   0.0      0.0      0.0         0         0    0.000       0      0
 Sum      9/0    7.45 KB   0.0      0.0     0.0      0.0       0.0      0.0       0.0   1.0      0.0      0.3         0         1    0.003       0      0
 Int      0/0    0.00 KB   0.0      0.0     0.0      0.0       0.0      0.0       0.0   0.0      0.0      0.0         0         0    0.000       0      0
Uptime(secs): 0.0 total, 0.0 interval
Flush(GB): cumulative 0.000, interval 0.000
AddFile(GB): cumulative 0.000, interval 0.000
AddFile(Total Files): cumulative 0, interval 0
AddFile(L0 Files): cumulative 0, interval 0
AddFile(Keys): cumulative 0, interval 0
Cumulative compaction: 0.00 GB write, 0.02 MB/s write, 0.00 GB read, 0.00 MB/s read, 0.0 seconds
Interval compaction: 0.00 GB write, 0.00 MB/s write, 0.00 GB read, 0.00 MB/s read, 0.0 seconds
Stalls(count): 0 level0_slowdown, 0 level0_slowdown_with_compaction, 0 level0_numfiles, 0 level0_numfiles_with_compaction, 0 stop for pending_compaction_bytes, 0 slowdown for pending_compaction_bytes, 0 memtable_compaction, 0 memtable_slowdown, interval 0 total count

** File Read Latency Histogram By Level [default] **
** Level 0 read latency histogram (micros):
Count: 47 Average: 5.4255  StdDev: 5.63
Min: 2  Median: 2.6053  Max: 26
Percentiles: P50: 2.61 P75: 3.85 P99: 26.00 P99.9: 26.00 P99.99: 26.00
------------------------------------------------------
(       1,       2 ]       12  25.532%  25.532% #####
(       2,       3 ]       19  40.426%  65.957% ########
(       3,       4 ]        5  10.638%  76.596% ##
(       4,       6 ]        2   4.255%  80.851% #
(       6,      10 ]        1   2.128%  82.979% 
(      10,      15 ]        3   6.383%  89.362% #
(      15,      22 ]        4   8.511%  97.872% ##
(      22,      34 ]        1   2.128% 100.000% 

** Level 1 read latency histogram (micros):
Count: 4 Average: 5.5000  StdDev: 4.92
Min: 2  Median: 2.5000  Max: 14
Percentiles: P50: 2.50 P75: 3.00 P99: 14.00 P99.9: 14.00 P99.99: 14.00
------------------------------------------------------
(       1,       2 ]        1  25.000%  25.000% #####
(       2,       3 ]        2  50.000%  75.000% ##########
(      10,      15 ]        1  25.000% 100.000% #####


** Compaction Stats [Configuration] **
Level    Files   Size     Score Read(GB)  Rn(GB) Rnp1(GB) Write(GB) Wnew(GB) Moved(GB) W-Amp Rd(MB/s) Wr(MB/s) Comp(sec) Comp(cnt) Avg(sec) KeyIn KeyDrop
----------------------------------------------------------------------------------------------------------------------------------------------------------
  L0      8/0    7.03 KB   0.8      0.0     0.0      0.0       0.0      0.0       0.0   1.0      0.0      0.3         0         1    0.003       0      0
  L1      1/0    0.82 KB   0.0      0.0     0.0      0.0       0.0      0.0       0.0   0.0      0.0      0.0         0         0    0.000       0      0
 Sum      9/0    7.85 KB   0.0      0.0     0.0      0.0       0.0      0.0       0.0   1.0      0.0      0.3         0         1    0.003       0      0
 Int      0/0    0.00 KB   0.0      0.0     0.0      0.0       0.0      0.0       0.0   0.0      0.0      0.0         0         0    0.000       0      0
Uptime(secs): 0.0 total, 0.0 interval
Flush(GB): cumulative 0.000, interval 0.000
AddFile(GB): cumulative 0.000, interval 0.000
AddFile(Total Files): cumulative 0, interval 0
AddFile(L0 Files): cumulative 0, interval 0
AddFile(Keys): cumulative 0, interval 0
Cumulative compaction: 0.00 GB write, 0.02 MB/s write, 0.00 GB read, 0.00 MB/s read, 0.0 seconds
Interval compaction: 0.00 GB write, 0.00 MB/s write, 0.00 GB read, 0.00 MB/s read, 0.0 seconds
Stalls(count): 0 level0_slowdown, 0 level0_slowdown_with_compaction, 0 level0_numfiles, 0 level0_numfiles_with_compaction, 0 stop for pending_compaction_bytes, 0 slowdown for pending_compaction_bytes, 0 memtable_compaction, 0 memtable_slowdown, interval 0 total count

** File Read Latency Histogram By Level [Configuration] **
** Level 0 read latency histogram (micros):
Count: 56 Average: 10.5536  StdDev: 29.39
Min: 2  Median: 3.0000  Max: 218
Percentiles: P50: 3.00 P75: 5.50 P99: 205.20 P99.9: 218.00 P99.99: 218.00
------------------------------------------------------
(       1,       2 ]        8  14.286%  14.286% ###
(       2,       3 ]       20  35.714%  50.000% #######
(       3,       4 ]        5   8.929%  58.929% ##
(       4,       6 ]       12  21.429%  80.357% ####
(       6,      10 ]        2   3.571%  83.929% #
(      10,      15 ]        1   1.786%  85.714% 
(      15,      22 ]        4   7.143%  92.857% #
(      22,      34 ]        1   1.786%  94.643% 
(      34,      51 ]        1   1.786%  96.429% 
(      51,      76 ]        1   1.786%  98.214% 
(     170,     250 ]        1   1.786% 100.000% 

** Level 1 read latency histogram (micros):
Count: 6 Average: 5.1667  StdDev: 4.52
Min: 2  Median: 3.0000  Max: 15
Percentiles: P50: 3.00 P75: 5.00 P99: 14.70 P99.9: 14.97 P99.99: 15.00
------------------------------------------------------
(       1,       2 ]        2  33.333%  33.333% #######
(       2,       3 ]        1  16.667%  50.000% ###
(       3,       4 ]        1  16.667%  66.667% ###
(       4,       6 ]        1  16.667%  83.333% ###
(      10,      15 ]        1  16.667% 100.000% ###

2022/09/02-14:37:37.380564 50bc [WARN] [db\db_impl.cc:617] STATISTICS:
 rocksdb.block.cache.miss COUNT : 41
rocksdb.block.cache.hit COUNT : 8
rocksdb.block.cache.add COUNT : 41
rocksdb.block.cache.add.failures COUNT : 0
rocksdb.block.cache.index.miss COUNT : 16
rocksdb.block.cache.index.hit COUNT : 8
rocksdb.block.cache.index.add COUNT : 16
rocksdb.block.cache.index.bytes.insert COUNT : 1632
rocksdb.block.cache.index.bytes.evict COUNT : 0
rocksdb.block.cache.filter.miss COUNT : 0
rocksdb.block.cache.filter.hit COUNT : 0
rocksdb.block.cache.filter.add COUNT : 0
rocksdb.block.cache.filter.bytes.insert COUNT : 0
rocksdb.block.cache.filter.bytes.evict COUNT : 0
rocksdb.block.cache.data.miss COUNT : 25
rocksdb.block.cache.data.hit COUNT : 0
rocksdb.block.cache.data.add COUNT : 25
rocksdb.block.cache.data.bytes.insert COUNT : 3493
rocksdb.block.cache.bytes.read COUNT : 816
rocksdb.block.cache.bytes.write COUNT : 5125
rocksdb.bloom.filter.useful COUNT : 0
rocksdb.bloom.filter.full.positive COUNT : 0
rocksdb.bloom.filter.full.true.positive COUNT : 0
rocksdb.persistent.cache.hit COUNT : 0
rocksdb.persistent.cache.miss COUNT : 0
rocksdb.sim.block.cache.hit COUNT : 0
rocksdb.sim.block.cache.miss COUNT : 0
rocksdb.memtable.hit COUNT : 0
rocksdb.memtable.miss COUNT : 0
rocksdb.l0.hit COUNT : 0
rocksdb.l1.hit COUNT : 0
rocksdb.l2andup.hit COUNT : 0
rocksdb.compaction.key.drop.new COUNT : 0
rocksdb.compaction.key.drop.obsolete COUNT : 0
rocksdb.compaction.key.drop.range_del COUNT : 0
rocksdb.compaction.key.drop.user COUNT : 0
rocksdb.compaction.range_del.drop.obsolete COUNT : 0
rocksdb.compaction.optimized.del.drop.obsolete COUNT : 0
rocksdb.compaction.cancelled COUNT : 0
rocksdb.number.keys.written COUNT : 0
rocksdb.number.keys.read COUNT : 0
rocksdb.number.keys.updated COUNT : 0
rocksdb.bytes.written COUNT : 0
rocksdb.bytes.read COUNT : 0
rocksdb.number.db.seek COUNT : 1
rocksdb.number.db.next COUNT : 0
rocksdb.number.db.prev COUNT : 0
rocksdb.number.db.seek.found COUNT : 1
rocksdb.number.db.next.found COUNT : 0
rocksdb.number.db.prev.found COUNT : 0
rocksdb.db.iter.bytes.read COUNT : 41
rocksdb.no.file.closes COUNT : 0
rocksdb.no.file.opens COUNT : 18
rocksdb.no.file.errors COUNT : 0
rocksdb.l0.slowdown.micros COUNT : 0
rocksdb.memtable.compaction.micros COUNT : 0
rocksdb.l0.num.files.stall.micros COUNT : 0
rocksdb.stall.micros COUNT : 0
rocksdb.db.mutex.wait.micros COUNT : 0
rocksdb.rate.limit.delay.millis COUNT : 0
rocksdb.num.iterators COUNT : 0
rocksdb.number.multiget.get COUNT : 0
rocksdb.number.multiget.keys.read COUNT : 0
rocksdb.number.multiget.bytes.read COUNT : 0
rocksdb.number.deletes.filtered COUNT : 0
rocksdb.number.merge.failures COUNT : 0
rocksdb.bloom.filter.prefix.checked COUNT : 0
rocksdb.bloom.filter.prefix.useful COUNT : 0
rocksdb.number.reseeks.iteration COUNT : 0
rocksdb.getupdatessince.calls COUNT : 0
rocksdb.block.cachecompressed.miss COUNT : 0
rocksdb.block.cachecompressed.hit COUNT : 0
rocksdb.block.cachecompressed.add COUNT : 0
rocksdb.block.cachecompressed.add.failures COUNT : 0
rocksdb.wal.synced COUNT : 0
rocksdb.wal.bytes COUNT : 0
rocksdb.write.self COUNT : 0
rocksdb.write.other COUNT : 0
rocksdb.write.timeout COUNT : 0
rocksdb.write.wal COUNT : 0
rocksdb.compact.read.bytes COUNT : 0
rocksdb.compact.write.bytes COUNT : 1828
rocksdb.flush.write.bytes COUNT : 0
rocksdb.number.direct.load.table.properties COUNT : 0
rocksdb.number.superversion_acquires COUNT : 1
rocksdb.number.superversion_releases COUNT : 0
rocksdb.number.superversion_cleanups COUNT : 0
rocksdb.number.block.compressed COUNT : 0
rocksdb.number.block.decompressed COUNT : 1
rocksdb.number.block.not_compressed COUNT : 0
rocksdb.merge.operation.time.nanos COUNT : 0
